   ------------------------------------------------------------
  | Welcome to ROOT 6.10/04                http://root.cern.ch |
  |                               (c) 1995-2017, The ROOT Team |
  | Built for linuxx8664gcc                                    |
  | From tag v6-10-04, 28 July 2017                            |
  | Try '.help', '.demo', '.license', '.credits', '.quit'/'.q' |
   ------------------------------------------------------------


Processing script.C...
Mode #0
       1        1 2.7e-138 2.6e-186 7.9e-148 7.9e-148 1.8e-196 1.8e-196 1.8e-196 
       1        1 2.7e-138 2.6e-186 7.9e-148 7.9e-148 1.8e-196 1.8e-196 1.8e-196 
2.7e-138 2.7e-138        1   1e-154  1.9e-53  1.9e-53  2.7e-40  2.7e-40  2.7e-40 
2.6e-186 2.6e-186   1e-154        1  8.9e-68  8.9e-68 1.2e-233 1.2e-233 1.2e-233 
7.9e-148 7.9e-148  1.9e-53  8.9e-68        1        1  1.9e-57  1.9e-57  1.9e-57 
7.9e-148 7.9e-148  1.9e-53  8.9e-68        1        1  1.9e-57  1.9e-57  1.9e-57 
1.8e-196 1.8e-196  2.7e-40 1.2e-233  1.9e-57  1.9e-57        1        1        1 
1.8e-196 1.8e-196  2.7e-40 1.2e-233  1.9e-57  1.9e-57        1        1        1 
1.8e-196 1.8e-196  2.7e-40 1.2e-233  1.9e-57  1.9e-57        1        1        1 

Mode #1
       1  1.7e-94  6.3e-76  5.3e-80  5.7e-68  4.7e-74  7.1e-57  1.4e-99 1.5e-148 
 1.7e-94        1  2.5e-57  2.5e-65   2e-103 1.3e-187 4.6e-152  2.5e-87 1.9e-137 
 6.3e-76  2.5e-57        1  9.8e-26  2.5e-26  8.7e-81  3.4e-54  5.8e-36  2.7e-57 
 5.3e-80  2.5e-65  9.8e-26        1  1.8e-20 8.2e-132  5.4e-59  2.2e-53  1.5e-87 
 5.7e-68   2e-103  2.5e-26  1.8e-20        1  3.4e-84  3.6e-52  6.7e-34  3.2e-77 
 4.7e-74 1.3e-187  8.7e-81 8.2e-132  3.4e-84        1  8.9e-55    2e-83  4.6e-93 
 7.1e-57 4.6e-152  3.4e-54  5.4e-59  3.6e-52  8.9e-55        1  1.1e-54  7.3e-52 
 1.4e-99  2.5e-87  5.8e-36  2.2e-53  6.7e-34    2e-83  1.1e-54        1  3.4e-20 
1.5e-148 1.9e-137  2.7e-57  1.5e-87  3.2e-77  4.6e-93  7.3e-52  3.4e-20        1 

Mode #2
       1        1  2.9e-35  4.5e-62  1.6e-67  1.6e-67  1.2e-38  1.2e-38  1.2e-38 
       1        1  2.9e-35  4.5e-62  1.6e-67  1.6e-67  1.2e-38  1.2e-38  1.2e-38 
 2.9e-35  2.9e-35        1 1.2e-116  1.8e-31  1.8e-31  6.4e-33  6.4e-33  6.4e-33 
 4.5e-62  4.5e-62 1.2e-116        1 1.8e-106 1.8e-106  4.7e-93  4.7e-93  4.7e-93 
 1.6e-67  1.6e-67  1.8e-31 1.8e-106        1        1  2.2e-15  2.2e-15  2.2e-15 
 1.6e-67  1.6e-67  1.8e-31 1.8e-106        1        1  2.2e-15  2.2e-15  2.2e-15 
 1.2e-38  1.2e-38  6.4e-33  4.7e-93  2.2e-15  2.2e-15        1        1        1 
 1.2e-38  1.2e-38  6.4e-33  4.7e-93  2.2e-15  2.2e-15        1        1        1 
 1.2e-38  1.2e-38  6.4e-33  4.7e-93  2.2e-15  2.2e-15        1        1        1 

Mode #3
       1        1  2.9e-35  4.5e-62  1.6e-67  1.6e-67  1.2e-38  1.2e-38  1.2e-38 
       1        1  2.9e-35  4.5e-62  1.6e-67  1.6e-67  1.2e-38  1.2e-38  1.2e-38 
 2.9e-35  2.9e-35        1 1.1e-116  1.8e-31  1.8e-31  6.4e-33  6.4e-33  6.4e-33 
 4.5e-62  4.5e-62 1.1e-116        1 1.7e-106 1.7e-106  4.6e-93  4.6e-93  4.6e-93 
 1.6e-67  1.6e-67  1.8e-31 1.7e-106        1        1  2.2e-15  2.2e-15  2.2e-15 
 1.6e-67  1.6e-67  1.8e-31 1.7e-106        1        1  2.2e-15  2.2e-15  2.2e-15 
 1.2e-38  1.2e-38  6.4e-33  4.6e-93  2.2e-15  2.2e-15        1        1        1 
 1.2e-38  1.2e-38  6.4e-33  4.6e-93  2.2e-15  2.2e-15        1        1        1 
 1.2e-38  1.2e-38  6.4e-33  4.6e-93  2.2e-15  2.2e-15        1        1        1 

Run #0
       1  2.3e-51 1.2e-122 1.2e-122 
 2.3e-51        1 8.9e-100 8.9e-100 
1.2e-122 8.9e-100        1        1 
1.2e-122 8.9e-100        1        1 

Run #1
       1  7.9e-16 1.2e-122 1.2e-122 
 7.9e-16        1 3.3e-103 3.3e-103 
1.2e-122 3.3e-103        1        1 
1.2e-122 3.3e-103        1        1 

Run #2
       1  2.7e-68  1.3e-45  1.3e-45 
 2.7e-68        1  1.7e-21  1.7e-21 
 1.3e-45  1.7e-21        1        1 
 1.3e-45  1.7e-21        1        1 

Run #3
       1   4e-102  6.5e-26    7e-26 
  4e-102        1  1.3e-90  1.3e-90 
 6.5e-26  1.3e-90        1        1 
   7e-26  1.3e-90        1        1 

Run #4
       1  8.2e-64 3.6e-108 3.6e-108 
 8.2e-64        1  3.5e-36  3.5e-36 
3.6e-108  3.5e-36        1        1 
3.6e-108  3.5e-36        1        1 

Run #5
       1  6.3e-90 3.6e-108 3.6e-108 
 6.3e-90        1 4.2e-135 4.2e-135 
3.6e-108 4.2e-135        1        1 
3.6e-108 4.2e-135        1        1 

Run #6
       1  1.3e-17  5.5e-95  5.5e-95 
 1.3e-17        1  1.4e-54  1.4e-54 
 5.5e-95  1.4e-54        1        1 
 5.5e-95  1.4e-54        1        1 

Run #7
       1  1.6e-75  5.5e-95  5.5e-95 
 1.6e-75        1  7.4e-53  7.4e-53 
 5.5e-95  7.4e-53        1        1 
 5.5e-95  7.4e-53        1        1 

Run #8
       1  3.9e-60  5.5e-95  5.5e-95 
 3.9e-60        1 1.6e-101 1.6e-101 
 5.5e-95 1.6e-101        1        1 
 5.5e-95 1.6e-101        1        1 

